Annex Table B1: Food Poverty Estimates (individuals) by residence and County, 2015/16
residence /

National	32.0	(0.49)	9.2	(0.18)	3.9	(0.10)	100.0	(0.00)	100.0	(0.00)	100.0	(0.00)	45,371	14,539
Rural	35.8	(0.59)	10.3	(0.23)	4.4	(0.14)	71.7	(0.91)	67.3	(1.16)	62.8	(1.52)	29,127	10,419
Peri-Urban	28.9	(1.24)	7.4	(0.41)	2.9	(0.21)	6.6	(0.34)	5.6	(0.35)	4.7	(0.38)	3,340	965
Core-Urban	24.4	(1.05)	7.2	(0.35)	3.0	(0.18)	21.7	(0.90)	27.1	(1.17)	32.5	(1.54)	12,905	3,155
Mombasa	23.6	(2.98)	7.2	(1.06)	3.1	(0.59)	1.9	(0.29)	2.5	(0.41)	3.1	(0.61)	1,185	280
Kwale	41.1	(3.24)	10.4	(1.12)	3.6	(0.52)	2.3	(0.25)	2.0	(0.26)	1.6	(0.26)	820	337
Kilifi	48.4	(3.49)	12.6	(1.36)	4.9	(0.76)	4.7	(0.51)	4.3	(0.62)	3.9	(0.72)	1,400	678
Tana River	55.4	(4.61)	18.2	(2.13)	8.8	(1.32)	1.2	(0.14)	1.3	(0.20)	1.5	(0.27)	304	168
Lamu	19.9	(3.01)	4.8	(0.98)	1.8	(0.45)	0.2	(0.03)	0.1	(0.03)	0.1	(0.03)	128	25
Taita /Taveta	38.9	(3.10)	9.0	(1.13)	3.3	(0.62)	1.0	(0.10)	0.7	(0.11)	0.6	(0.12)	358	139
Garissa	45.2	(3.23)	14.4	(1.35)	6.5	(0.87)	1.3	(0.12)	1.5	(0.17)	1.6	(0.24)	432	195
Wajir	41.3	(3.53)	11.8	(1.43)	5.3	(0.98)	1.3	(0.14)	1.3	(0.17)	1.3	(0.25)	459	189
Mandera	61.9	(3.20)	26.4	(1.90)	14.2	(1.30)	3.0	(0.26)	4.5	(0.46)	5.6	(0.65)	711	440
Marsabit	55.6	(3.21)	17.9	(1.42)	8.0	(0.84)	1.2	(0.11)	1.3	(0.14)	1.4	(0.17)	316	176
Isiolo	34.2	(3.13)	9.2	(1.25)	3.5	(0.76)	0.4	(0.04)	0.4	(0.06)	0.4	(0.10)	156	53
Meru	15.5	(2.44)	3.8	(0.69)	1.4	(0.31)	1.6	(0.27)	1.3	(0.25)	1.1	(0.25)	1,471	228
Tharaka-Nithi	31.2	(3.14)	7.1	(0.80)	2.3	(0.36)	0.8	(0.11)	0.6	(0.08)	0.5	(0.08)	396	123
Embu	28.3	(3.18)	6.9	(1.18)	2.7	(0.71)	1.1	(0.15)	0.9	(0.17)	0.8	(0.21)	560	158
Kitui	39.4	(2.95)	12.5	(1.27)	5.7	(0.71)	3.0	(0.29)	3.1	(0.37)	3.1	(0.43)	1,098	432
Machakos	24.1	(2.58)	6.8	(0.87)	2.8	(0.45)	2.0	(0.21)	1.9	(0.25)	1.8	(0.29)	1,191	287
Makueni	30.7	(2.67)	9.1	(1.03)	3.8	(0.58)	2.0	(0.21)	2.0	(0.25)	1.8	(0.29)	959	295
Nyandarua	29.8	(3.23)	5.9	(0.86)	1.8	(0.34)	1.4	(0.19)	0.9	(0.15)	0.6	(0.12)	686	205
Nyeri	15.5	(2.27)	3.0	(0.54)	0.8	(0.16)	0.9	(0.14)	0.6	(0.11)	0.4	(0.08)	798	124
Kirinyag’a	18.8	(2.64)	3.0	(0.50)	0.9	(0.19)	0.8	(0.13)	0.4	(0.08)	0.3	(0.06)	608	114
Murang'a	22.7	(2.62)	5.7	(0.90)	2.2	(0.46)	1.7	(0.23)	1.4	(0.24)	1.2	(0.26)	1,085	246
Kiambu	23.5	(2.93)	5.9	(0.87)	2.2	(0.36)	3.0	(0.44)	3.0	(0.52)	3.0	(0.54)	1,868	439
Turkana	66.1	(3.19)	32.9	(2.10)	20.4	(1.71)	4.9	(0.42)	8.6	(0.78)	12.4	(1.22)	1,084	716
West Pokot	57.3	(3.07)	20.4	(1.50)	9.4	(0.90)	2.6	(0.23)	3.0	(0.31)	3.0	(0.37)	649	372
samburu	60.1	(3.00)	22.7	(1.67)	11.3	(1.21)	1.2	(0.11)	1.5	(0.16)	1.6	(0.21)	284	171
Trans Nzoia	33.3	(3.20)	9.9	(1.23)	4.1	(0.67)	2.4	(0.28)	2.4	(0.34)	2.3	(0.39)	1,038	345
Uasin Gishu	38.2	(2.78)	11.7	(1.07)	5.0	(0.61)	3.0	(0.28)	3.3	(0.36)	3.4	(0.50)	1,133	433
Elgeyo / Marakwet	44.8	(3.17)	10.8	(1.03)	4.0	(0.52)	1.4	(0.14)	1.2	(0.14)	1.0	(0.14)	469	210
Nandi	31.5	(2.60)	8.3	(0.88)	3.1	(0.42)	2.1	(0.21)	1.8	(0.22)	1.5	(0.22)	954	300
baringo	41.4	(3.40)	10.8	(1.14)	4.1	(0.58)	2.0	(0.23)	1.7	(0.23)	1.5	(0.23)	704	291
Laikipia	28.5	(3.59)	9.2	(1.89)	4.2	(1.16)	1.0	(0.16)	1.1	(0.25)	1.1	(0.32)	507	145
Nakuru	19.6	(2.41)	4.8	(0.74)	1.7	(0.38)	2.7	(0.38)	2.5	(0.42)	2.3	(0.57)	2,031	399
Narok	22.1	(2.68)	6.7	(1.03)	3.0	(0.64)	1.6	(0.23)	1.7	(0.28)	1.7	(0.36)	1,078	238
Kajiado	36.9	(3.16)	12.3	(1.21)	5.5	(0.68)	2.2	(0.24)	2.7	(0.32)	2.9	(0.41)	871	321
Kericho	31.4	(2.66)	7.3	(0.86)	2.9	(0.52)	2.0	(0.21)	1.6	(0.21)	1.4	(0.25)	945	297
bomet	32.8	(2.98)	5.6	(0.77)	1.6	(0.29)	2.1	(0.24)	1.1	(0.18)	0.7	(0.14)	916	300
Kakamega	33.3	(2.73)	8.3	(0.91)	3.1	(0.50)	4.3	(0.43)	3.6	(0.44)	3.0	(0.48)	1,876	624
Vihiga	36.6	(2.77)	9.5	(1.01)	4.0	(0.59)	1.6	(0.16)	1.4	(0.18)	1.3	(0.22)	627	230
bungoma	32.4	(3.09)	9.5	(1.12)	3.9	(0.55)	3.5	(0.40)	3.4	(0.46)	3.1	(0.46)	1,553	503
busia	59.5	(2.74)	17.5	(1.19)	7.2	(0.67)	3.4	(0.27)	3.4	(0.31)	3.1	(0.35)	840	500
siaya	27.3	(2.80)	7.2	(1.01)	3.1	(0.66)	1.8	(0.23)	1.7	(0.25)	1.7	(0.34)	985	269
Kisumu	32.5	(2.59)	8.3	(0.90)	3.3	(0.51)	2.5	(0.25)	2.3	(0.29)	2.2	(0.39)	1,132	368
homa bay	22.7	(2.32)	6.0	(0.77)	2.4	(0.39)	1.7	(0.20)	1.6	(0.23)	1.5	(0.29)	1,072	244
Migori	32.0	(2.96)	7.9	(0.96)	3.0	(0.46)	2.5	(0.28)	2.1	(0.28)	1.8	(0.30)	1,126	360
Kisii	44.5	(3.25)	11.6	(1.33)	4.3	(0.69)	4.1	(0.45)	3.6	(0.51)	3.1	(0.54)	1,347	599
Nyamira	36.3	(2.76)	10.1	(1.02)	4.1	(0.57)	1.7	(0.17)	1.6	(0.19)	1.5	(0.22)	699	254
Nairobi City	16.1	(2.03)	3.9	(0.62)	1.5	(0.30)	4.9	(0.66)	5.1	(0.82)	5.4	(1.11)	4,463	717