Annex Table B3: Food Poverty Estimates (Households) by Place of residence and County, 2015/16

National	23.8	(0.39)	6.7	(0.14)	2.9	(0.08)	100.0	(0.00)	100.0	(0.00)	100.0	(0.00)	11,414	2,718
Rural	28.1	(0.46)	8.0	(0.18)	3.5	(0.11)	66.5	(0.95)	61.8	(1.19)	57.1	(1.57)	6,441	1,808
Peri-Urban	21.5	(0.97)	5.5	(0.31)	2.2	(0.18)	6.4	(0.32)	5.4	(0.33)	4.5	(0.38)	806	173
Core-Urban	17.7	(0.75)	5.0	(0.24)	2.2	(0.13)	27.1	(0.97)	32.8	(1.22)	38.4	(1.62)	4,166	736
Mombasa	16.1	(1.82)	4.9	(0.67)	2.3	(0.41)	2.4	(0.29)	3.1	(0.43)	3.8	(0.69)	397	64
Kwale	30.9	(2.72)	7.6	(0.87)	2.7	(0.40)	2.0	(0.21)	1.7	(0.22)	1.4	(0.24)	174	54
Kilifi	35.2	(2.63)	9.0	(0.93)	3.6	(0.53)	4.2	(0.38)	3.8	(0.46)	3.5	(0.55)	326	115
Tana River	47.1	(3.88)	16.3	(2.07)	8.7	(1.54)	1.0	(0.10)	1.2	(0.17)	1.4	(0.26)	56	26
Lamu	15.7	(2.13)	3.9	(0.71)	1.6	(0.40)	0.2	(0.03)	0.1	(0.03)	0.1	(0.03)	30	5
Taita /Taveta	29.3	(2.42)	7.2	(0.81)	3.0	(0.51)	1.1	(0.11)	0.9	(0.11)	0.8	(0.14)	102	30
Garissa	38.6	(2.67)	11.9	(1.07)	5.4	(0.71)	1.1	(0.09)	1.2	(0.13)	1.3	(0.21)	78	30
Wajir	35.1	(3.04)	10.2	(1.26)	4.7	(0.82)	0.9	(0.09)	0.9	(0.12)	0.9	(0.16)	69	24
Mandera	55.8	(3.06)	22.2	(1.60)	11.6	(1.04)	2.3	(0.19)	3.1	(0.29)	3.7	(0.39)	111	62
Marsabit	46.3	(3.04)	15.1	(1.29)	7.0	(0.84)	1.1	(0.10)	1.2	(0.12)	1.2	(0.16)	62	29
Isiolo	26.8	(2.62)	6.7	(0.93)	2.5	(0.55)	0.3	(0.04)	0.3	(0.05)	0.3	(0.08)	34	9
Meru	12.4	(1.76)	3.6	(0.72)	1.7	(0.46)	1.8	(0.27)	1.8	(0.35)	1.7	(0.47)	393	49
Tharaka-Nithi	22.8	(2.12)	5.5	(0.65)	2.0	(0.32)	0.9	(0.09)	0.7	(0.09)	0.6	(0.10)	107	24
Embu	20.3	(2.12)	4.9	(0.71)	2.0	(0.41)	1.2	(0.14)	1.0	(0.15)	0.8	(0.18)	164	33
Kitui	33.9	(2.49)	10.9	(1.09)	5.1	(0.65)	2.9	(0.27)	3.2	(0.37)	3.2	(0.50)	236	80
Machakos	19.2	(2.09)	5.4	(0.72)	2.3	(0.44)	2.3	(0.24)	2.3	(0.30)	2.1	(0.38)	328	63
Makueni	24.4	(2.09)	7.1	(0.76)	2.9	(0.43)	2.1	(0.20)	2.0	(0.23)	1.7	(0.27)	233	57
Nyandarua	19.8	(2.18)	3.7	(0.51)	1.1	(0.20)	1.4	(0.17)	0.9	(0.12)	0.6	(0.10)	191	38
Nyeri	10.8	(1.49)	1.9	(0.32)	0.5	(0.10)	1.1	(0.16)	0.7	(0.12)	0.4	(0.09)	271	29
Kirinyag’a	15.0	(1.93)	3.1	(0.56)	1.4	(0.39)	1.1	(0.15)	0.8	(0.14)	0.8	(0.20)	198	30
Murang'a	17.1	(1.86)	4.1	(0.59)	1.6	(0.30)	2.0	(0.24)	1.7	(0.25)	1.4	(0.28)	323	55
Kiambu	17.4	(2.06)	4.7	(0.69)	2.1	(0.40)	3.8	(0.49)	4.1	(0.65)	4.6	(0.92)	600	104
Turkana	55.9	(3.23)	26.6	(1.83)	16.1	(1.32)	5.1	(0.40)	8.6	(0.72)	11.7	(1.08)	246	137
West Pokot	49.3	(2.82)	17.0	(1.29)	7.8	(0.77)	2.2	(0.18)	2.5	(0.24)	2.4	(0.28)	119	59
samburu	47.2	(2.71)	17.1	(1.29)	8.3	(0.84)	1.1	(0.09)	1.3	(0.12)	1.3	(0.16)	61	29
Trans Nzoia	27.3	(2.50)	8.0	(0.93)	3.3	(0.48)	2.1	(0.23)	2.1	(0.27)	2.0	(0.30)	210	57
Uasin Gishu	28.4	(2.21)	8.8	(0.85)	3.9	(0.48)	2.8	(0.25)	3.2	(0.35)	3.4	(0.49)	270	77
Elgeyo/Marakwet	36.9	(2.69)	8.9	(0.84)	3.3	(0.44)	1.3	(0.12)	1.1	(0.12)	0.9	(0.13)	99	37
Nandi	26.2	(2.14)	7.0	(0.72)	2.7	(0.38)	1.9	(0.18)	1.7	(0.20)	1.4	(0.21)	202	53
baringo	30.8	(2.55)	7.8	(0.78)	3.0	(0.39)	1.7	(0.17)	1.5	(0.16)	1.2	(0.17)	152	47
Laikipia	21.4	(2.49)	6.5	(1.09)	2.8	(0.63)	1.1	(0.14)	1.1	(0.20)	1.0	(0.24)	135	29
Nakuru	14.4	(1.72)	3.5	(0.51)	1.2	(0.24)	3.1	(0.39)	2.8	(0.44)	2.5	(0.55)	578	83
Narok	16.5	(1.96)	4.8	(0.70)	2.1	(0.43)	1.4	(0.17)	1.3	(0.20)	1.3	(0.26)	223	37
Kajiado	28.7	(2.57)	9.5	(1.08)	4.4	(0.68)	2.6	(0.27)	3.2	(0.40)	3.6	(0.57)	250	72
Kericho	26.0	(2.18)	6.0	(0.69)	2.4	(0.44)	2.0	(0.20)	1.6	(0.19)	1.3	(0.24)	211	55
bomet	24.3	(2.30)	3.9	(0.51)	1.1	(0.19)	1.6	(0.18)	0.8	(0.12)	0.5	(0.09)	179	44
Kakamega	28.3	(2.18)	7.4	(0.74)	2.9	(0.43)	4.1	(0.36)	3.6	(0.39)	3.1	(0.45)	392	111
Vihiga	30.2	(2.29)	8.3	(0.84)	3.6	(0.52)	1.6	(0.14)	1.5	(0.17)	1.5	(0.22)	144	44
bungoma	26.0	(2.31)	7.8	(0.85)	3.4	(0.48)	3.1	(0.30)	3.1	(0.36)	2.9	(0.42)	321	83
busia	47.6	(2.51)	13.2	(0.94)	5.3	(0.50)	3.1	(0.22)	2.9	(0.25)	2.5	(0.27)	177	84
siaya	20.5	(2.05)	5.3	(0.71)	2.3	(0.50)	1.9	(0.20)	1.7	(0.23)	1.6	(0.32)	246	50
Kisumu	24.2	(1.99)	6.2	(0.65)	2.5	(0.40)	2.5	(0.23)	2.3	(0.26)	2.2	(0.37)	284	69
homa bay	19.2	(1.88)	5.1	(0.63)	2.1	(0.33)	1.6	(0.17)	1.5	(0.21)	1.5	(0.26)	224	43
Migori	27.2	(2.40)	7.5	(0.99)	3.6	(0.77)	2.3	(0.24)	2.2	(0.30)	2.3	(0.48)	233	63
Kisii	33.6	(2.61)	8.4	(0.90)	3.1	(0.45)	3.6	(0.35)	3.1	(0.37)	2.5	(0.39)	290	98
Nyamira	29.9	(2.32)	8.3	(0.83)	3.4	(0.48)	2.0	(0.18)	1.8	(0.20)	1.7	(0.27)	179	53
Nairobi City	12.9	(1.54)	3.0	(0.45)	1.1	(0.22)	7.1	(0.85)	7.1	(1.03)	7.3	(1.35)	1,503	194