Table 15.19: Adults who passed Proficiency Tests and Private Candidates Registered for KCPE by Sex
and County, 2016 - 2017
Number
Male Female Male Female Male Female Male Female
Mombasa	28	61	129	74	24	43	68	63
Kwale	38	139	23	16	17	46	12	7
Kilifi	29	191	128	71	56	321	75	62
Tana River	69	240	56	92	77	147	21	4
Lamu	71	211	10	20	80	363	16	14
Taita/Taveta	98	143	13	15	71	265	11	10
Garissa	718	533	132	21	523	112	153	37
Wajir	189	124	28	4 86	24	15	3
Mandera	273	187	68	14	173	79	48	7
Marsabit	-	-	-	-	0	0	26	17
Isiolo	24	76	24	16	16	66	12	14
Meru	402	655	208	133	288	953	175	117
Tharaka Nithi	65	245	45	21	452	900	34	11
Embu	99	429	80	51	31	112	32	35
Kitui	37	23	37	23	210	1,034	26	10
Machakos	136	674	34	47	141	658	32	16
Makueni	414	2,121	17	6 72	578	32	6
Nyandarua	29	191	69	52	81	368	18	16
Nyeri	59	234	57	26	103	277	34	15
Kirinyaga	48	148	192	129	86	158	251	162
Murang'a	193	58	15	41	50	186	27	11
Kiambu	88	297	269	256	148	282	89	73
Turkana	68	55	150	99	71	116	153	90
West Pokot	39	64	28	30	45	66	6 4
Samburu	39	97	37	23	26	52	7 2
Transnzoia	44	77	86	72	72	95	66	54
Uasin Gishu	66	70	95	77	131	199	25	26
Elgeyo/Marakwet	102	186	14	24	42	56	21	16
Nandi	73	182	214	282	96	213	146	91
Baringo	14	13	9 9	18	113	3 18
Laikipia	35	96	35	12	25	94	32	2
Nakuru	411	502	149	47	286	512	28	36
Narok	149	148	44	40	107	169	44	36
Kajiado	474	1,503	103	111	120	454	89	60
Kericho	107	290	108	77	110	390	112	168
Bomet	47	139	9 7	25	213	14	8
Kakamega	572	1,042	175	164	144	323	119	107
Vihiga	69	143	57	40	33	177	38	37
Bungoma	149	382	83	48	311	76	102	125
Busia	69	174	54	37	55	209	21	18
Siaya	67	202	41	31	54	200	39	52
Kisumu	66	611	32	49	147	376	110	208
Homa Bay	383	797	131	103	18	88	83	65
Migori	36	22	49	41	150	456	10	4
Kisii	141	343	434	360	109	285	48	38
Nyamira	81	214	81	71	125	379	45	16
Nairobi	187	245	401	317	303	136	327	234
TOTAL	6,595	14,577	4,253	3,299	5,408	12,419	2,895	2,225
Source: Directorate of Adult Education; Ministry of Eduction
*Provisional
PTP-Proficiency Test Pass