Table 4.1 Current marital status
Percent distribution of women and men age 15-49 by current marital status, according to age, Kenya 2014
Age	Marital status						Total	Percentage of respondents currently in union	Number of respondents
	Never married	Married	Living together	Divorced	Separated	Widowed
WOMEN
15-19	86.8	10.5	1.5	0.3	0.8	0.1	100.0	11.9	5,820
20-24	38.8	47.6	7.0	1.0	5.0	0.6	100.0	54.6	5,735
25-29	14.0	69.2	5.5	2.0	7.4	1.9	100.0	74.7	6,100
30-34	8.0	73.4	5.7	2.5	7.1	3.3	100.0	79.1	4,510
35-39	6.7	70.3	6.4	3.5	7.5	5.6	100.0	76.7	3,773
40-44	5.0	67.0	5.5	3.7	8.1	10.7	100.0	72.5	2,885
45-49	4.8	66.8	4.8	4.2	5.5	14.0	100.0	71.6	2,257
Total 15-49	28.9	54.6	5.1	2.1	5.6	3.7	100.0	59.7	31,079
MEN
15-19	99.3	0.5	0.1	0.0	0.1	0.0	100.0	0.6	2,540
20-24	79.6	15.1	2.7	0.6	2.1	0.0	100.0	17.7	2,125
25-29	37.0	53.8	3.3	1.5	4.4	0.1	100.0	57.1	2,104
30-34	12.6	75.4	3.0	2.0	6.5	0.6	100.0	78.3	1,785
35-39	4.8	83.9	2.2	3.1	4.7	1.3	100.0	86.1	1,483
40-44	3.2	88.6	1.3	1.6	4.8	0.5	100.0	89.9	1,224
45-49	2.7	87.5	3.3	1.9	2.9	1.6	100.0	90.8	800
Total 15-49	44.4	48.4	2.1	1.3	3.4	0.4	100.0	50.5	12,063
50-54	1.5	86.6	1.6	3.0	3.9	3.5	100.0	88.1	756
Total 15-54	41.8	50.7	2.1	1.4	3.4	0.6	100.0	52.7	12,819