Table 7.3 Current use of contraception by age
Percent distribution of all women, currently married women, and sexually active unmarried women age 15-49 by contraceptive method currently used, according to age, Kenya 2014
Age	Any method	Any modern method	Modern method									Any traditional method	Traditional method			Not currently using 	Total	Number of women
			Female sterilisation	Male sterilisation	Pill	IUD	Injectables	Implants	Male condom	Female condom 	LAM	Other		Rhythm	Withdrawal	Other
ALL WOMEN
15-19	10.1	9.3	0.0	0.0	0.5	0.0	4.9	1.2	2.5	0.1	0.0	0.0	0.8	0.6	0.2	0.0	89.9	100.0	5,820
20-24	42.0	38.5	0.0	0.0	4.6	0.9	20.6	7.2	4.9	0.1	0.0	0.0	3.5	2.9	0.4	0.2	58.0	100.0	5,735
25-29	54.2	51.0	0.4	0.0	5.9	2.7	27.7	11.0	3.2	0.0	0.1	0.1	3.2	2.6	0.4	0.2	45.8	100.0	6,100
30-34	57.5	53.8	2.0	0.0	7.9	3.6	26.5	10.8	2.7	0.0	0.1	0.1	3.7	2.7	0.6	0.4	42.5	100.0	4,510
35-39	55.7	51.0	4.2	0.1	9.1	3.7	21.6	9.2	3.0	0.0	0.1	0.0	4.7	4.0	0.6	0.2	44.3	100.0	3,773
40-44	48.4	43.4	7.1	0.0	7.3	5.2	15.3	5.8	2.5	0.0	0.0	0.1	5.0	4.1	0.6	0.4	51.6	100.0	2,885
45-49	37.3	31.0	9.5	0.0	5.9	2.0	9.4	2.4	1.8	0.0	0.0	0.0	6.3	5.2	0.5	0.6	62.7	100.0	2,257
Total	42.6	39.1	2.2	0.0	5.5	2.3	18.7	7.1	3.1	0.0	0.1	0.0	3.5	2.8	0.4	0.2	57.4	100.0	31,079
CURRENTLY MARRIED WOMEN
15-19	40.2	36.8	0.0	0.0	1.9	0.2	27.1	5.4	2.1	0.0	0.0	0.0	3.4	2.0	1.3	0.1	59.8	100.0	695
20-24	53.5	49.8	0.1	0.0	6.3	1.4	30.2	9.6	2.2	0.0	0.0	0.0	3.7	2.9	0.5	0.3	46.5	100.0	3,133
25-29	60.8	57.3	0.4	0.0	7.2	3.1	31.4	12.9	2.1	0.0	0.1	0.0	3.6	2.9	0.4	0.2	39.2	100.0	4,556
30-34	63.5	59.1	2.3	0.0	9.1	4.0	29.7	11.9	1.9	0.0	0.2	0.0	4.5	3.2	0.7	0.5	36.5	100.0	3,566
35-39	63.0	57.7	4.8	0.1	10.8	4.5	24.5	10.4	2.6	0.0	0.1	0.0	5.3	4.4	0.8	0.1	37.0	100.0	2,894
40-44	57.7	51.1	8.1	0.1	9.1	6.7	18.0	6.5	2.6	0.0	0.0	0.1	6.6	5.3	0.8	0.5	42.3	100.0	2,091
45-49	45.2	37.2	11.0	0.0	7.5	2.3	11.6	2.9	1.9	0.0	0.0	0.0	8.0	6.7	0.7	0.6	54.8	100.0	1,615
Total	58.0	53.2	3.2	0.0	8.0	3.4	26.4	9.9	2.2	0.0	0.1	0.0	4.8	3.8	0.7	0.3	42.0	100.0	18,549
SEXUALLY ACTIVE UNMARRIED WOMEN1
15-19	50.1	49.3	0.0	0.0	1.8	0.0	14.3	6.0	27.2	0.0	0.0	0.0	0.7	0.7	0.0	0.0	49.9	100.0	79
20-24	69.3	64.2	0.0	0.0	12.2	0.0	13.4	1.5	35.0	2.1	0.0	0.0	5.1	3.8	1.3	0.0	30.7	100.0	157
25-29	75.7	69.8	0.0	0.0	7.6	1.8	35.0	8.2	17.2	0.0	0.0	0.0	5.8	3.2	2.0	0.6	24.3	100.0	117
30-34	74.4	71.3	0.4	0.0	3.9	3.9	30.2	15.1	17.8	0.0	0.0	0.0	3.1	1.3	1.8	0.0	25.6	100.0	94
35-39	64.2	55.2	5.3	0.0	4.8	1.6	25.1	9.4	7.8	0.0	0.0	1.2	9.1	9.1	0.0	0.0	35.8	100.0	57
40-44	(39.0)	(38.3)	(5.0)	(0.0)	(5.5)	(0.0)	(18.1)	(0.0)	(9.7)	(0.0)	(0.0)	(0.0)	(0.7)	(0.7)	(0.0)	(0.0)	(61.0)	100.0	52
45-49	(64.6)	(56.3)	(20.6)	(0.0)	(0.0)	(0.0)	(17.2)	(12.5)	(6.0)	(0.0)	(0.0)	(0.0)	(8.3)	(8.3)	(0.0)	(0.0)	(35.4)	100.0	26
Total	65.4	60.9	1.9	0.0	6.6	1.1	22.3	6.8	21.4	0.6	0.0	0.1	4.5	3.3	1.1	0.1	34.6	100.0	583
Note: If more than one method is used, only the most effective method is considered in this tabulation. Figures in parentheses are based on 25-49 unweighted cases.
na = Not applicable
LAM = Lactational amenorrhoea method
1 Women who have had sexual intercourse within 30 days preceding the survey