Table 3.6.2 Occupation: Men
Percent distribution of men age 15-49 employed in the 12 months preceding the survey by occupation, according to background characteristics, Kenya 2014
Background characteristic	Professional/technical/managerial	Clerical	Sales and services	Skilled manual	Unskilled manual	Domestic service	Agriculture	Missing	Total	Number of men
Age
15-19	3.7	0.0	5.8	3.5	26.7	15.8	39.8	4.7	100.0	1,023
20-24	13.6	0.4	8.7	9.5	22.2	23.0	21.1	1.5	100.0	1,690
25-29	13.9	1.4	8.3	12.8	23.7	21.5	17.6	0.8	100.0	2,042
30-34	16.9	1.0	6.4	11.5	20.8	21.4	21.7	0.3	100.0	1,774
35-39	14.1	1.6	7.4	9.4	21.2	23.8	22.3	0.4	100.0	1,476
40-44	15.9	0.9	4.8	7.5	21.8	21.0	27.7	0.5	100.0	1,215
45-49	18.5	1.5	4.4	7.4	17.3	16.8	33.2	0.8	100.0	791
Marital status
Never married	12.4	0.6	7.6	6.4	23.1	21.5	26.1	2.4	100.0	3,335
Married or living together	15.4	1.3	6.6	11.2	21.6	20.6	23.0	0.4	100.0	6,067
Divorced/separated/widowed	9.1	0.2	6.0	9.2	22.5	23.1	28.6	1.3	100.0	609
Number of living children
0	13.2	0.9	7.7	6.1	22.4	22.0	25.4	2.2	100.0	3,535
1-2	15.6	0.9	6.8	12.7	23.4	21.8	18.1	0.6	100.0	3,178
3-4	13.9	1.2	6.5	11.7	20.6	20.3	25.2	0.5	100.0	2,025
5+	12.0	0.9	5.5	7.6	20.5	17.8	35.5	0.2	100.0	1,273
Residence
Urban	18.4	1.6	9.9	12.7	23.4	26.4	6.8	0.9	100.0	4,573
Rural	10.3	0.5	4.4	6.8	21.1	16.5	39.1	1.3	100.0	5,438
Region
Coast	15.5	1.4	7.7	12.0	24.4	27.6	10.9	0.6	100.0	993
North Eastern	21.0	0.2	11.9	8.9	15.1	28.9	13.2	0.9	100.0	136
Eastern	10.8	0.6	4.9	7.2	22.5	22.9	29.2	1.8	100.0	1,504
Central	13.7	0.1	8.0	10.0	18.3	21.1	27.3	1.4	100.0	1,379
Rift Valley	12.5	1.0	6.0	9.6	22.2	16.9	31.0	0.9	100.0	2,610
Western	11.7	1.3	6.2	9.1	23.6	14.7	33.1	0.3	100.0	864
Nyanza	15.4	0.7	5.0	8.2	19.3	17.4	33.2	0.7	100.0	1,124
Nairobi	18.9	2.0	10.7	10.9	25.8	28.0	1.9	1.7	100.0	1,401
Education
No education	4.2	0.0	5.8	7.3	23.8	25.0	33.3	0.7	100.0	323
Primary incomplete	3.8	0.2	4.1	7.7	24.1	23.1	36.1	1.0	100.0	2,364
Primary complete	6.2	0.2	6.6	11.4	26.5	21.8	26.5	0.7	100.0	2,588
Secondary +	24.0	1.9	8.6	9.5	18.6	19.3	16.7	1.4	100.0	4,737
Wealth quintile
Lowest	6.5	0.0	4.2	3.6	23.8	19.7	41.2	1.0	100.0	1,280
Second	6.2	0.3	4.6	6.4	23.4	18.5	39.0	1.6	100.0	1,779
Middle	9.0	0.6	5.2	10.7	22.1	19.1	32.5	0.9	100.0	1,919
Fourth	14.6	1.2	8.2	12.0	23.1	22.8	17.2	1.0	100.0	2,530
Highest	26.6	2.1	9.9	11.3	19.5	23.2	6.4	1.1	100.0	2,503
Total	15-49	14.0	1.0	6.9	9.5	22.1	21.0	24.3	1.1	100.0	10,012
50-54	17.1	0.9	3.1	5.7	19.6	16.1	37.4	0.1	100.0	743
Total	15-54	14.2	1.0	6.6	9.2	22.0	20.7	25.3	1.0	100.0	10,754